Callback Execution Time (μs)
0.049
914.062
958.772
1059.66
958.668
1005.81
962.654
1047.83
960.06
1084.52
936.468
1012.14
976.925
1046.91
951.001
1091.5
944.562
993.018
998.897
1040
947.921
1118.21
879.303
1051.1
950.796
1062.54
930.994
1047.18
946.066
1051.37
946.758
1032.97
989.79
1013.26
997.705
1009.13
1178.73
1477.39
330.568
1105.98
920.789
1024.54
948.189
1027.71
956.829
1034.22
953.427
1038.59
960.825
1044.38
952.601
1043.97
960.037
1033.16
968.619
1033.52
965.071
1029.55
967.98
1089.98
935.291
1041.74
979.208
1017.05
961.672
1010.06
966.996
1035.05
1060.82
956.186
1000.09
988.635
946.476
1031.08
966.616
1040.21
961.634
1030.36
962.643
1046.22
961.896
1033.09
959.817
1027.99
969.036
1047.78
952.723
1031.19
975.395
1039.35
955.717
1026.78
976.032
1031.09
966.725
1043
955.318
1033.11
1007.35
1036.36
950.98
1033.98
954.441
1019.34
977.036
963.773
1034.63
1032.12
963.667
1067.9
953.884
1024.03
980.931
1010.1
954.935
1059.87
958
1035.49
961.387
1058.84
950.136
1039.25
947.284
1024.96
980.868
1028.88
972.835
1034.08
948.874
1028.06
971.755
1092.19
930.83
1008.35
963.571
1034.63
1053.94
959.044
958.914
1037.55
990.057
1010.1
1008.72
1019.12
935.927
1034.39
978.695
1026
1052.54
989.56
948.809
1017.11
953.163
1031.99
1040.85
971.271
960.908
1037.28
995.523
1029.79
939.428
1034.79
989.874
1007.95
962.442
1046.74
976.924
1010.93
969.215
1067.78
3220.59
8.149
738.17
981.49
1025.85
983.523
994.998
1038.05
965.539
1007.41
967.239
1001.57
988.469
1027.46
996.699
1008.71
976.287
1022.9
979.603
1021.6
966.646
1029.98
971.343
1030.8
978.852
1019.03
974.174
1048.9
968.172
1006.36
970.036
1031.09
969.569
1028.88
981.503
1021.55
965.657
1036.22
989.751
1008.43
966.65
1028.9
970.02
1033.91
980.985
1017.43
951.808
1107.02
962.965
1023.87
976.317
991.805
956.072
1025.71
982.349
1030.27
1006.4
1003.96
1008.32
993.527
968.336
1021.08
967.818
1044.23
974.584
1018.97
966.179
1034.06
970.74
1013.08
969.361
1038.32
976.982
1061.18
949.519
1004.54
964.051
1068.79
975.941
1022.05
953.245
1041.65
966.265
1038.13
953.285
1018.77
975.653
1020.05
970.865
1060.31
949.223
1050.55
967.94
1068.79
1008.02
930.753
1014.13
971.153
1032.51
975.728
1020.56
965.441
1030.23
965.078
1029.04
984.987
1017.03
961.792
1049.9
946.936
1031.83
970.957
1024.1
968.967
1037.14
974.726
1020.26
968.168
1034.08
930.333
1140.17
893.14
1034.86
968.985
1042.09
967.963
1037.07
956.69
1030.45
981.139
1018
965.391
1028
969.163
1038.64
984.95
1006.21
977.295
1025.36
968.642
1054.01
964.481
1015.63
967.875
1034.85
973.317
1052.6
973.211
1106.81
987.186
905.911
1028.37
974.09
961.795
1030.44
969.276
1060.88
981.171
1006.95
963.304
1014.47
982.226
1069.88
951.305
1001.43
1003.96
965.417
1010.84
1066.01
955.13
1027.65
945.016
1032.26
970.486
1129.49
998.957
931.291
967.675
1019.85
951.162
1032.09
973.976
1030.29
991.487
1025.71
976.82
1016.45
955.702
1029.65
1005.59
1003.11
993.841
1026.49
964.773
1025.07
977.644
1039.23
986.257
993.952
967.83
1031.79
962.354
1031.38
983.274
1073.11
964.741
999.287
948.662
987.29
1005.77
1028.59
966.405
1030.95
969.59
1038.38
958.708
1030.98
973.474
1014.85
981.994
1032.19
965.731
1030.39
967.57
1048.2
1182.59
812.636
970.492
1030.66
963.103
1025.48
970.435
1024.9
974.654
1039.75
957.281
1038.07
964.571
1041.41
955.173
1033.68
971.115
1033.27
965.623
1043.96
965.428
1028.64
976.828
1000.28
1028.49
995.932
963.847
1027.81
993.043
1020.84
968.769
1030.11
967.888
1061.18
951.611
1019.27
967.088
1029.12
969.103
1030.72
944.032
987.44
1049.48
1048.02
951.079
1019.63
967.833
1026.76
969.837
1033.82
1011.77
1005.44
954.614
1047.53
973.453
1051.14
934.059
1027.19
963.378
1048.91
992.977
1004.68
947.875
1039.57
998.222
1000.29
974.574
1015.15
986.396
1030.7
965.8
1020.03
968.253
1076.66
933.95
1025.23
962.901
1054.52
1933.86
7.153
1024.31
1026.15
971.755
1003.58
1079.12
931.366
1015.08
957.824
1038.25
1021.13
995.565
936.888
1031.19
994.121
1006.41
998.444
1024.6
943.796
1028.65
984.749
1019.31
1003.13
1022.31
943.147
1029.65
969.524
1032.35
988.498
969.775
1002.09
1045.69
956.922
1029.7
971.968
1029.82
967.83
958.365
1151.68
894.689
1030.34
969.159
1047.68
962.202
1018.94
954.36
1428.91
624.954
1013.86
983.179
1019.06
977.803
1017.16
989.283
1006.8
959.976
1029.94
977.189
1040.63
962.102
1019.94
964.83
1034.38
977.747
1040.84
963.341
1015.84
971.812
1027.31
966.179
1061.88
965.748
1052.02
942.074
1016.97
976.117
1018.39
968.697
1072.86
957.703
1024.27
946.131
1044.37
1002.48
1014.83
946.114
1033.16
963.596
1071.96
936.822
1037.51
974.958
982.051
1044.29
981.517
1010.95
961.273
1048.79
1014.32
990.696
964.755
1029.83
985.583
1011.26
995.225
1058.63
939.876
1105.17
924.294
967.272
980.549
1014.08
975.558
1059.52
978.687
988.881
975.431
1023.04
968.594
1075.36
960.163
989.777
977.072
1035.7
970.524
1059.32
965.593
1006.07
961.006
1019.88
993.14
1009.61
972.228
1027.05
974.113
1026.05
970.719
1028.78
976.55
1028.49
980.976
1023.3
966.953
1032.52
985.812
1006.66
972.269
1065.18
967.009
977.504
1026.84
961.999
1039.07
955.011
1065.06
960.985
1024.93
968.024
1058.64
937.761
1048.18
961.805
1023.17
987.19
1036.93
942.023
1039.15
968.542
1027.19
957.451
1039.94
957.4
1037.6
1004.58
1032.05
961.41
1027.67
955.783
1053.29
1001.92
1004.13
971.498
1002.08
959.709
1046.31
981.257
1006.04
990.917
1008.77
959.147
1049.5
975.355
1035.07
959.598
1028.01
1001.53
975.751
1013.81
1031.74
1018.18
974.937
995.404
966.119
1027.95
963.729
1002.12
983.086
1037.99
960.987
1051.83
954.347
1018.56
971.381
1031.88
958.473
1039.38
969.102
1092.21
931.015
1010.65
976.311
1030.92
979.727
1023.01
999.211
1016.91
956.332
1021.72
971.921
1058.36
934.035
1024.84
983.534
1025.1
969.217
1033.63
993.294
1039.54
970.653
1077.72
937.1
989.959
1014.02
968.094
1029.48
964.086
1030.1
962.269
1048.75
956.325
1037.56
985.001
1039
952.231
992.731
976.928
1032.97
957.155
1047.09
1008.92
1011.83
947.097
1034.29
986.834
1025.87
938.504
1026.26
999.103
1014.87
964.902
1049.1
964.876
1010.15
995.883
1015.19
973.732
1085.24
967.838
992.733
959.509
1044.01
966.802
1079.28
941.597
987.043
961.086
1047.01
985.756
1065.45
934.603
1016.12
991.162
979.372
1020.83
1001.78
1074.95
967.576
997.233
965.336
1001.92
989.58
1034.28
951.211
1042.65
971.259
1008.8
990.41
1034.75
941.019
1134.84
888.333
1019.64
953.025
1025.78
977.672
997.817
1048.04
964.821
1018.79
999.209
1017.73
962.328
1048.93
934.187
1030.69
970.166
1028.97
972.841
1032.21
959.793
1038.78
970.815
1024.17
964.255
1029.84
973.21
1029.68
976.04
1024.98
977.385
1036.41
967.307
1026.9
965.842
1024.34
968.86
998.686
1008.99
1023.07
1376.92
697.977
912.372
1015.05
965.862
1031.13
983.67
1047.88
949.118
1018.41
966.639
1073.8
968.173
1039.47
939.627
1030.52
963.942
1034.35
984.276
1022.34
966.597
1045
949.686
1029.72
965.28
1016.58
1015.67
1004.02
973.816
1017.17
965.745
1046.48
982.177
1051.03
947.52
1006.96
968.226
1030.23
1020.01
983.856
979.644
1025.91
1017.4
977.247
1016.39
996.787
1034.95
937.761
1065.63
941.217
1029.15
968.072
1042.99
960.195
2026.31
48.134
924.346
991.36
1025.25
964.2
1029.24
976.962
1023.02
963.316
1035.3
980.454
1013.29
975.145
1033.41
929.628
1034.53
1047.36
966.736
1022.04
962.78
1038.52
961.67
1032.17
984.856
1008.81
997.098
1064.95
915.447
1020.01
969.255
1052.38
968.721
1026.25
980.943
1030.06
997.025
1013.07
966.897
1013.13
962.099
1022.84
975.648
1028.38
978
1021.67
977.666
1030.24
980.203
1038.77
966.772
1007.48
962.217
1027.59
1015.18
991.148
1002.74
1018.36
1013.75
963.115
1020.62
965.231
1032.4
970.463
1027.04
967.15
1033.76
970.313
1049.79
943.925
1039.7
958.967
1055.31
983.004
1041.93
926.147
1036.73
976.103
1023.32
1003.88
1014.77
939.913
1059.9
993.036
996.192
1021.98
1024.8
928.173
1023.86
975.869
1020.97
979.925
988.191
1003.89
1046.88
972.473
1036.93
1071.73
1016.95
867.08
1013
966.218
1027.67
983.267
1031.86
959.89
1024.31
979.986
1025.91
969.299
1021.81
973.105
1027.15
981.266
1022.2
969.03
1020.67
989.242
1012.92
969.152
1030.12
970.663
1027.95
970.289
1042.67
955.559
1029.76
997.919
1011.28
954.763
1025.7
971.914
1003.17
1032.9
977.258
1038.14
951.466
1054.14
951.451
1027.45
970.343
1020.62
970.096
1040.18
968.12
1021.92
978.887
1047.1
1128.77
1573.15
235.838
1151.05
888.323
1040.78
960.107
1038.82
932.996
1054.91
954.871
1025.89
973.136
1030.69
963.868
1028.83
978.338
1018.12
969.206
1051.02
963.107
1014.87
1007.16
994.751
970.968
1046.26
997.731
1025.19
960.928
1023.2
972.654
1030.3
966.694
1020.08
978.949
1023.05
970.884
1032.85
992.161
1023.57
1001.07
948.16
1035.58
971.65
997.141
2252.26
9.18
747.695
1014.25
982.364
998.668
985.845
1022.19
980.833
1015.51
973.166
1028.1
967.604
1028.99
986.131
1013.69
969.21
1030.88
995.067
1023.79
960.095
1028
965.225
1027.94
997.264
1001.54
973.07
1025.84
975.724
1028.97
978.608
1015.79
973.137
1030.79
993.207
982.408
1034.66
961.982
1017.06
957.603
1120.02
948.708
1021.48
946.767
1029.81
1007.93
1022.17
945.503
1039.9
953.587
1029.36
1015.6
1002.19
951.622
1024.5
966.727
1042.18
991.294
1094.57
879.811
1022.76
975.021
1018.91
980.282
1033.23
979.148
1025.09
953.862
1048.57
986.658
1014.74
965.838
1027.74
966.222
1040.99
960.051
1032.14
973.923
1053.62
940.417
1027.01
974.773
1048.09
966.185
1008.89
1000.68
961.696
1031.6
976.7
1055.69
938.447
1027.91
966.397
1043.25
984.075
1023.2
959.06
1024.97
967.429
1042.96
967.766
1024.94
972.069
1025.93
988.009
1007.14
980.815
1041
956.736
1031.92
966.71
1037.58
968.981
1026.36
990.714
1099.74
916.228
952.267
1020.68
1029.33
985.97
1014.58
961.324
1035.97
978.222
1011.98
976.584
1024.12
979.313
1024.6
967.161
1034.76
961.463
1031.47
979.104
1025.83
968.164
996.034
1043.93
961.38
1040.25
960.53
1029.1
965.761
1040.95
959.31
1030.93
971.846
1040.84
953.859
1034.14
976.915
1024.18
963.223
1043
962.114
1027.85
1005.68
1049.11
936.794
1028.4
977.447
1037.42
947.866
1042.66
964.248
1027.74
965.103
1045.64
949.452
1033.1
972.244
1029.39
986.255
1018.78
957.721
1029.01
961.118
1064.05
950.115
1031.94
968.432
1027.5
998.729
1034.5
966.419
1009.7
976.951
1017.09
1012.05
983.101
1024.97
973.917
1033.55
946.009
1034.72
999.066
1122.06
874.228
1042.69
972.586
997.123
997.949
1011.58
955.462
1014.22
1008.49
1058.62
931.592
1057.43
953.637
1058.27
963.567
1010.56
935.028
3265.33
9.623
790.002
984.407
977.739
996.366
1007.77
963.992
1035.68
1009.04
942.853
1032.97
980.149
1015.23
998.657
1010.55
959.593
1030.1
997.764
1012.54
969.993
1034.82
972.874
1032.91
951.264
1032.89
974.238
1029.65
977.829
1017.2
974.989
1055.69
974.964
994.858
978.754
1021.69
965.247
1028.24
999.946
1006.66
968.4
1036.26
980.73
1093.71
906.901
1019.5
958.603
1033.73
962.597
1041.27
974.077
1027.06
968.733
1002.45
1027.74
989.999
1018.79
954.677
1035.41
966.908
1018.19
983.275
1142.46
885.957
1004.12
971.074
1025.88
978.274
1047.81
988.459
999.178
970.519
1048.36
953.728
1016.46
965.438
1057.11
968.918
1021.61
957.908
1012.03
1023.94
1020.92
979.859
1005.13
980.977
1046.27
3204.61
10.874
729.488
1024.9
957.781
1053.95
964.071
1027.04
971.748
1027.46
997.215
996.456
972.004
1024.7
963.466
1050.7
966.679
999.361
1024.05
971.429
1029.72
967.865
1030.32
977.182
1028.72
963.453
1026.62
972.798
1026.91
969.508
1034.85
970.801
1025.43
976.263
1048.37
958.726
1021.11
964.192
1040.6
972.369
1025.4
970.454
1028.06
969.796
1010.95
987.927
1030.96
968.344
1023.9
972.385
1032.83
972.509
1024.24
973.189
1008.92
1035.72
1030.13
1185.87
771.268
1034.89
963.908
1024.72
972.22
1021.83
950.034
1043.15
970.759
1041.77
955.111
1038.14
953.175
1036.89
962.253
1030.01
979.046
1028.66
967.83
1026.02
980.149
1016.99
972.662
1039.95
1005.17
999.948
954.404
1024.63
974.26
1025.39
1014.31
1041.24
933.213
1016.58
989.059
1044.89
964.387
1047.65
929.965
1054.62
954.32
1052.47
959.378
1052.3
944.097
1018.83
988.072
1033.77
947.156
1028.88
966.135
1045.08
998.855
1033.02
925.289
997.926
1012.43
990.641
1055.45
951.118
1008.61
972.959
1037.9
956.704
1068.79
954.417
1008.57
965.883
1053.26
951.747
1051.2
987.526
994.604
970.137
1064.02
969.386
1004.04
967.04
1018.15
972.707
1029.2
985.042
1027.1
955.594
1028.25
972.979
1057.99
945.089
1024.33
970.537
1026.74
971.029
1038.83
965.504
1028.88
976.075
1031.29
977.569
1014.29
982.818
1037.27
964.679
1033.97
968.519
1025.67
975.822
1029.18
967.754
1035.82
964.416
1024.71
974.88
1022.44
981.616
1025.29
981.61
1032.22
961.863
1025.1
975.148
1015.96
968.749
1035.08
970.146
1034.24
998.822
1000.89
974.794
1056.23
951.08
1022.7
955.069
1051.93
957.918
1046.38
959.606
1024.66
988.433
1010.97
953.259
1036.63
1006.74
1010.04
969.739
1031.38
983.077
1067.01
921.04
1031.01
956.158
1036.84
963.063
1071.93
942.795
1023.18
968.809
1051.76
950.024
997.441
985.702
1029.52
970.353
1055.23
954.952
1024.5
967.564
1044.72
952.341
1032.38
969.688
1001.44
1025.01
975.398
1027.06
988.095
1019.27
985.259
1017.35
959.011
1029.79
970.157
1026.16
982.083
1025.56
967.083
1035.72
974.333
1015.62
973.069
1032.64
969.166
1023.46
973.986
1026.58
974.177
1035.98
988.174
1008.97
963.553
1027.42
2500.93
8.29
491.79
1002.93
965.065
1028.4
979.772
1069.24
943.405
1039.02
968.183
1013.78
976.321
1023.93
967.613
1024.42
1002.2
1000.65
992.948
1009.93
981.509
1031.69
973.622
999.322
995.431
1035.94
974.702
1020.85
965.61
1036.35
967.118
1021.76
980.62
1043.12
984.408
1054.93
1015.03
976.884
920.459
1015.29
982.127
1065.29
950.7
1018.11
962.393
1007.47
1117.74
912.437
1009.45
972.112
1009.42
986.961
1021.05
2825.84
7.085
226.95
946.604
962.552
1045.17
961.785
1040.65
1126.07
934.42
893.955
4309.62
11.518
685.115
987.794
1040.54
978.326
1020.95
981.317
1017.33
958.305
1071.96
961.702
1015.16
1023.79
1056.46
910.562
1027.17
966.064
1057.14
930.769
1043.86
933.301
1031.38
981.47
1046.47
955.422
1046.09
985.884
1004.03
969.845
1026.57
950.783
1037.13
960.784
1031.03
979.754
1023.34
977.529
1030.15
978.039
1070.99
917.714
1019.02
967.387
1036.65
985.836
1053.12
941.195
1018.8
959.94
1077.32
939.683
1020.42
973.453
1048.16
950.852
1031.95
967.287
1026.94
977.881
1050
957.979
1054.96
951.891
1031.12
959.123
1032.09
985.637
1013.52
951.621
1043.99
971.888
1042.01
957.089
1023.45
973.453
1074.3
949.666
971.015
1000.97
1050.11
977.102
1008
929.681
1112.63
987.423
1133.34
2100.68
6.209
747.973
1040.86
951.402
1020.59
962.282
1041.81
1025.9
1008.88
905.179
1089.14
973.771
992.656
989.564
1011.23
943.6
1003.29
1025.11
983.159
1037.05
960.308
1014.89
979.835
1015.3
972.078
1052.17
998.107
976.961
982.993
1023.73
951.236
1033.65
994.811
1003.17
970.461
1005.6
1004.37
1024.98
1005.85
985.528
980.151
1031.75
974.824
1012.61
971.954
1029
969.837
1053.13
976.744
1047.02
948.282
1015.53
961.023
1061.02
967.2
1020.97
992.909
1007.06
973.69
1051.33
958.002
1000.88
976.375
1020.65
970.95
1082.24
956.994
992.936
1056.81
941.4
967.731
1071.73
936.123
980.378
1034.96
1046.57
960.029
1015.83
981.304
1019.96
959.97
1021.77
975.168
1022.67
999.152
1022.95
954.998
1023.2
991.967
1019.16
977.748
1018.97
966.108
1043.78
970.998
1035.57
957.128
1045.43
959.887
1017.22
974.715
1039.89
981.545
1018.66
970.441
1021.07
1034.3
1026.16
954.839
1005.53
958.852
994.034
1051.75
944.723
1027.31
975.91
1033.07
972.077
1024.72
960.235
1030.33
966.257
1057.29
943.324
1030.84
969.841
1061.09
973.291
1081.71
893.026
1031.93
962.373
1044.67
951.03
1038.85
975.96
1052.88
942.384
1031.24
975.335
1032.38
960.471
1023.36
966.833
1032.28
966.871
1031
970.842
1044.98
958.992
1071.14
978.325
1003.46
967.146
1021.95
963.904
1020.87
966.094
1041.47
977.765
1048.89
946.043
1016.73
965.019
1067.08
949.903
1019.21
975.985
1048.82
948.109
1033.01
967.844
1043.94
973.191
1035
948.808
1056.33
954.547
1017.2
967.059
1025.72
995.167
1025
980.191
1004.65
977.059
1049.08
944.719
1025.01
981.04
1050.28
956.873
1050.02
962.655
1043.3
960.209
1036.8
983.033
976.134
1013.3
972.307
1044.03
965.442
3266.98
13.24
720.697
1017.92
972.064
991.782
1030.23
971.203
1029.34
972.187
1024.71
964.247
1037.83
962.605
1058.21
953.302
1024.93
985.215
1007.88
984.801
1027.93
976.046
1002.14
1009.86
1030.2
961.305
1002.02
1020.7
1044.77
931.081
1025.33
963.861
1061.11
997.002
1020.73
927.899
1024.02
979.887
1027.67
1001.17
1019.62
943.86
1039.85
966.029
1034.88
1006.89
1054.08
944.073
1004.83
947.594
1021.51
972.03
1026.28
979.678
1053.21
944.892
1026.8
974.013
1037.08
980.974
1005.96
971.532
1047.57
960.701
1051.03
954.051
1054.5
1006.99
986.147
965.435
1047.89
946.205
1042.84
953.991
1050.13
967.774
1043.27
1030.07
951
943.636
1040.53
998.522
997.085
961.823
1036.1
1003.86
991.021
1011.99
969.464
1056.96
951.754
1039.63
958.493
1027.75
991.327
1035.52
982.387
1067.26
897
1016.55
987.753
1014.08
989.126
1034.81
961.361
1036.71
977.291
1010.28
1002.92
982.331
983.443
1038.11
951.514
1032.4
969.746
1028.66
963.438
1031.87
975.259
1023.49
986.169
1023.02
986.358
1044.34
950.229
1030.83
958.07
1026.25
964.84
1034.7
966.254
1029.68
971.32
1032.93
971.09
1025.68
973.276
1018.63
968.418
1024.75
968.047
1030.77
977.399
1032.06
994.412
1008.18
963.24
1023.71
1005.93
1050.95
942.785
1013.23
965.114
1028.88
982.551
1058.91
958.629
1012.19
965.001
1025.39
1066.73
1049.65
885.115
1022.91
971.959
1024
1003.71
1014.42
960.073
1009.96
976.903
1032.76
966.217
1023.6
1006.12
1010.12
967.191
1030.13
946.987
1034.93
965.957
1059.95
1005.25
1009.64
947.318
1004.66
989.166
1042.86
977.017
1027.06
936.356
1067.81
942.701
1019.31
999.811
1052.96
945.982
1014.06
963.857
1001.63
1181.9
922.204
1058.28
871.348
1019.85
971.706
1023.72
966.621
1023.98
974.192
1087.11
949.948
994.461
959.254
1034.99
963.922
1029.52
963.485
1037.6
968.453
1037.57
967.36
1036.9
971.809
1026.22
962.762
1021.08
972.14
1017.41
984.73
1025.87
963.625
1026.65
978.324
1032.33
960.795
1024.99
973.123
1003.37
1001.65
1034.9
968.054
1023.74
969.231
1047.97
955.041
1024.86
971.053
1030.71
974.216
1087.96
921.2
1020.53
969.942
1061.06
970.082
998.032
966.842
1053.16
959.965
1034.06
983.739
1013.29
967.253
1040.51
948.925
1052.71
959.977
1023.33
964.854
1031.19
967.189
1026.85
973.996
1038.94
993.075
1002.75
981.8
1013.42
1014.68
987.553
1027.9
954.455
1015.81
996.153
1002.39
1003.32
1014.75
985.327
1009.71
985.116
1028.74
1014.35
972.86
978.917
1021.22
962.807
1030.93
2976.68
10.74
1018.58
1012.07
971.766
1018.18
967.834
1029.13
963.831
1030.27
969.904
1044.1
960.863
1029.98
963.183
1026.69
973.137
1031.19
969.517
1034.81
967.511
1032.13
978.698
1033.55
949.585
1035.86
968.344
1030.69
967.134
1035.95
979.811
1017.36
966.62
1038.31
959.239
1056.13
964.365
1008.99
970.272
1002.36
995.342
1033.15
977.965
1032.18
968.629
1015.66
973.813
1025.51
964.9
1029.92
970.091
1048.95
1015.19
990.779
961.123
1029.98
959.129
1029.21
978.753
1066.82
940.165
1016.79
986.303
1062.6
971.447
1004.84
959.977
1027.58
967.583
1061.95
970.646
1003.08
968.023
1019.87
966.042
1080.6
961.362
1061.28
916.797
1028.08
991.769
1017.75
1016.15
1026.06
936.195
995.429
1025.57
961.003
1079.81
919.267
1063.28
997.771
1108.99
847.601
1023.56
975.626
1025.79
2190.11
6.459
770.785
1023.87
989.294
1011.69
952.041
1027.6
975.333
1243.07
782.776
995.97
968.895
1034.4
962.786
1027.84
972.079
1030.98
976.291
1020.87
971.238
1028.59
974.682
1031.16
988.225
1014.93
962.934
1037.97
971.307
1023.88
971.129
1027.63
970.008
1031.22
969.914
1034.77
965.641
1028.18
974.314
1019.88
974.266
1027.48
971.192
1028.26
974.912
1034.36
982.765
996.376
984.532
1028.79
969.222
1026.59
977.22
1026.09
972.054
1030.26
1046.99
972.464
956.308
1025.53
969.124
1026.24
986.079
1034.79
968.198
1038.92
1029.84
955.008
990.682
1017.37
959.908
1027.21
965.963
1034.83
967.166
1050.8
972.187
1019.89
976.023
1018.82
964.97
1078.16
931.832
1054.27
996.81
1045.46
972.029
976.033
1007.7
998.317
1004.45
983.888
984.85
1025.14
982.114
1034.88
996.873
1028.06
957.246
995.925
998.729
1013.16
1031.18
956.059
997.941
1012.14
991.424
997.925
981.412
1001.68
996.002
996.961
1010.29
992.088
998.5
996.007
997.519
1005.79
1007.27
1006.61
983.222
1000.48
920.885
1164.44
935.721
1006.16
981.081
994.656
1001.15
996.129
1027.05
988.638
995.15
988.812
1005.73
992.756
1029.57
987.019
988.128
993.877
971.365
1047.11
1034.16
967.804
980.032
1011.52
1008.52
987.739
1024.04
986.047
984.661
996.339
1012.68
989.371
1023.71
990.444
1002.5
1054.96
942.269
985.008
1028.6
967.246
1038.18
979.649
992.416
1006.51
1040.52
972.672
1001.38
992.301
995.348
995.779
1014.01
984.915
1009.08
1006.05
994.474
992.923
1009.79
994.205
992.495
1040.08
1012.54
958.878
1022.56
990.163
1018.22
980.298
1016.03
985.155
1004.14
984.003
1031.78
979.178
1036.81
1002.07
992.942
946.329
1027.98
1006.71
2998.06
13.909
959.212
1019.57
998.83
1010.55
966.76
1056.37
949.859
991.931
1001.86
995.151
993.23
1008.29
998.451
996.817
1011.03
1019.19
996.219
969.395
999.948
1012.41
992.53
998.38
992.813
1003.1
1005.85
1020.01
975.216
999.349
997.339
998.892
981.135
1022
997.199
997.73
1000.95
1026.99
978.258
998.816
997.04
1006.13
1003.12
1006.69
986.431
1000.43
997.158
1013.89
987.006
1004.93
994.051
1010.14
989.89
1001.18
1004.81
991.847
1007.99
1051.19
970.393
1010.44
994.091
1034.21
969.144
1007.68
967.833
1023.09
976.121
1012.69
1001.45
1005.99
988.422
1001.68
980.597
1003.15
997.083
998.881
1007.81
1003.01
994.015
998.011
1004.85
1030.31
1014.72
984.319
993.711
1007.21
996.123
1008.97
1069.6
928.128
992.276
1007.57
1000.11
986.068
1019.11
2231.45
48.728
716.514
1012.19
1008.89
955.366
996.934
979.631
1017.48
1016.26
1016.07
945.492
1025.62
970.75
1040.41
987.714
1040.21
915.187
1032.06
965.994
1028.7
997.881
1019.69
956.38
1037.25
967.015
1031.95
981.991
1025.99
984.514
1014.13
1001.98
1054.12
934.045
1011.32
970.506
1019.37
955.73
1140.11
875.953
1030.98
968.052
1027.41
986.458
1036.04
970.483
1004.91
967.867
1025.83
968.055
1043.96
964.192
1033.47
961.279
1029.8
971.145
1025.88
969.974
1033.44
971.714
1030.68
967.988
1034.06
1052.99
970.765
987.895
1004.3
983.272
1015.47
981.418
1019.74
966.99
1018.96
965.003
1042.33
981.665
996.033
982.819
1027.23
969.963
1034.03
990.878
1012.88
974.303
1023.79
964.932
1027.19
968.172
1063.97
950.669
1040.29
952.776
1064.41
940.54
1070
1005.36
958.186
1021.1
1027.93
1053.63
890.302
1038.72
973.861
1039.1
889.676
1126.21
931.524
1028.78
996.383
956.716
1037.76
1012.79
960.163
1072.83
947.271
1071.6
930.413
1002.97
963.937
1022.06
989.514
1020.61
979.531
2928.78
58.869
7.22
1016.24
1017.85
953.203
1037.26
994.828
1021.93
951.799
1025.1
966.834
1028.84
996.306
1017.87
953.215
1032.54
981.653
1025.5
986.026
1027.99
944.134
1032.96
968.453
1035.89
982.568
1029.48
958.351
1019.17
1004.78
1001.06
984.075
1024.85
954.052
1032.37
979.03
1019.69
1003.52
1012.39
970.937
1007.04
1018.95
1011.15
967.76
1030.39
963.71
1041.14
977.803
1012.02
987.07
1006
960.314
1036.33
1025.62
1024.38
921.819
1019.2
994.74
1019.35
1000.52
990.512
964.99
1031.97
980.015
1017.98
972.89
1038.18
1023.05
995.245
976.758
1020.54
981.924
984.347
1061.84
943.48
1036.85
953.99
1056.46
979.076
1160.4
3059.94
7.555
762.302
1027.62
943.015
1027.41
983.025
1013.05
973.234
1043.81
956.244
1024.75
981.09
1019.62
966.746
1031.98
986.745
1017.75
976.333
1015.57
974.193
1022.59
985.335
1015.78
966.404
1030.78
992.845
1902.04
241.743
973.111
879.357
1037.98
972.582
1009.14
980.098
1044.81
947.234
1027.06
967.153
1038.59
977.484
1031.32
972.543
1004.74
969.009
1032.49
976.609
1024.76
978.926
1023.26
965.665
1028.92
979.274
1004.92
990.649
1030.45
973.837
1021.87
980.122
1017.91
968.153
1071.82
980.281
988.769
966.983
1028.24
975.746
1023.92
1003.1
999.908
961.568
1032.39
1012.28
1005.65
957.193
1037.03
996.8
1043.18
954.091
998.503
964.353
1041.8
998.156
1016.99
1003.57
937.801
1051.32
1002.63
999.966
993.433
1013.58
942.474
1087.26
936.184
1016.82
1024.11
1015.8
935.741
1032.45
947.897
1065.77
975.186
1021.4
941.797
1037.75
986.249
1024.7
946.598
1050.14
986.876
1096.41
997.212
962.375
947.097
1030.35
969.842
1024.97
960.186
1033.3
1491.63
531.134
939.8
1052.47
926.252
1027.1
971.847
1041.15
962.758
1046.06
951.067
1039.92
957.08
1034.76
975.401
1034.06
957.274
1029.97
970.705
1042.53
961.37
1028.86
973.096
1028.13
963.082
1028.29
970.924
1035.12
963.392
1043.93
957.03
1041.91
972.19
1029.07
989.551
1001.05
988.261
1018.09
974.878
1088.1
901.731
1035.02
962.978
1047.19
975.881
1012.18
982.76
1046.1
971.811
1024.09
950.929
1023.4
963.221
1028.68
983.912
1052.78
957.204
1009.6
1020.16
1001.41
1003.53
1000.06
970.051
1032.15
966.137
1030.41
979.232
1028.13
960.887
1054.1
949.294
1021.61
961.507
1035.31
972.06
1045.3
1055.85
992.032
943.715
1028.38
942.663
990.132
1025.77
972.175
1023.91
1001.75
1013.41
961.234
1046.04
979.781
1012.11
1016.75
1034.93
932.388
1005.68
962.45
1025.5
1010.2
1085.6
928.483
1079.72
916.352
1013.26
1056.1
964.981
944.369
1059.58
1000.22
974.781
1002.21
1038.74
992.989
972.393
963.851
1025.72
963.054
1019.3
970.856
1023.92
987.335
1016.83
979.585
1027.32
979.682
1018.4
961.782
1021.84
972.341
1025.65
1001.06
1000.95
972.898
1043.6
961.107
1024.81
970.587
1025.24
968.293
1032.47
974.149
1023.33
969.797
1028.74
981.052
1028.93
1019.99
998.317
992.473
1016.92
971.782
1018.21
1004.71
994.819
966.398
1033.22
962.284
1027.97
973.923
1039
974.951
1006.01
971.892
1023.11
973.295
1029.6
979.02
1019.43
971.972
1024.75
990.578
1071.29
963.294
1012.7
988.199
980.151
1030.18
995.847
1000.51
977.861
1019.93
965.48
1032.79
1003.97
1088.89
881.364
1024.92
978.304
1045.17
957.442
1029.88
967.907
1096.84
905.468
1035.95
956.913
994.263
979.886
1028.47
976.258
1036.27
962.497
1029.43
961.767
1054.35
944.831
1031.88
967.892
1035.48
964.486
1049.57
960.493
1038.11
957.868
1026
967.327
1036.5
961.869
1030.27
972.253
1043.39
966.184
1028.07
961.839
1034.88
965.474
1034
966.533
1029.32
966.06
1061.03
957.511
1050.3
936.166
1028.1
965.463
1034.3
1113
904.584
954.697
1049.49
950.028
1034.74
1000.47
1018.81
944.867
1042.06
1088.73
936.046
1031.25
1004.82
953.898
1023.15
972.918
984.042
1011.04
1031.94
930.765
1041.27
979.593
1020.52
997.696
999.037
962.869
1020.3
979.905
1039.77
950.401
1032.99
970.435
1043.79
963.484
1105.4
896.741
1065.9
955.202
1055.79
921.997
1029.18
1006.5
999.2
1020.06
979.538
1030.43
1012.6
3226.03
11.557
726.466
980.907
1043.53
973.552
1041.4
940.284
1029.59
971.202
1006.17
966.808
1039.17
960.293
1032.55
963.065
1035.75
961.431
1025.12
978.302
1029.3
972.967
1032.84
983.353
1023.63
972.974
1038.88
954.031
1015.03
990.626
1027.47
965.683
1030.04
968.609
1041.32
959.412
1032.94
968.198
1035.68
959.117
1032.16
970.297
1032.64
968.96
1044.96
965.805
1032.11
952.667
1018.12
985.141
1030.32
967.377
999.166
1003.41
1030.04
969.656
1039.83
954.056
1023.19
976.582
1032.1
1009.97
2126.97
6.849
888.016
979.281
1065
916.658
1060.9
939.415
1025.01
964.938
1025.07
991.243
1034.64
965.927
1005.81
959.072
1029.02
979.682
1023.3
965.026
1038.12
969.621
1041.75
961.273
1010.69
1077.58
932.846
1056.05
1129.95
954.394
924.974
967.427
970.484
1030.88
1023.91
1003.03
951.827
1020.21
983.185
995.851
1075.5
1076.46
871.247
1001.47
965.457
1027.84
1006.88
1003.93
960.861
1058.48
947.01
1018.62
961.729
2501.19
9.874
502.901
1030.03
944.945
1020.63
975.831
1046.97
957.988
1044.18
945.706
1037.17
964.825
1033.1
969.31
1023.81
970.57
1023.23
983.138
1049.29
948.419
1030.98
964.323
1020.53
1041.84
979.868
973.189
1069.64
918.732
1042.24
954.98
1041.03
961.725
1039.02
959.193
1032.64
969.041
1024.97
971.893
1041.55
966.436
1025.88
964.27
1014.52
1018.35
976.002
1033.1
978.625
1289.75
733.449
1023.13
1001.53
994.533
1002.76
1006.08
958.983
1015.96
961.065
1038.36
974.208
1040.52
964.884
1024.75
968.769
1016.47
975.002
1029.92
974.037
1032.14
966.584
1018.03
975.301
1026.19
1001.42
1053.32
938.908
1033
956.978
1068.43
934.1
1050.47
945.798
1049.01
955.164
1065.25
943.036
1060.04
1082.92
960.516
916.217
1017.05
968.774
1029
983.848
1015.55
989.954
1011.22
1042.32
944.217
967.199
1026.18
968.908
1024.71
994.208
1005.9
994.277
1017.82
965.207
1040.39
964.373
1012.76
974.028
1026.52
966.65
1027.82
971.522
1057.79
964.85
1006.34
986.034
1016.28
970.556
1014.52
1010.3
1007.45
973.507
1035.01
960.78
1057.17
966.983
1000.79
971.256
1028.72
967.544
968.756
1043.69
1019.34
968.049
1029.57
998.915
977.174
1030.47
966.477
1032.2
974.093
1033.18
972.326
1032.51
962.585
1059.26
991.094
998.93
993.319
1026.76
969.668
1001.94
992.01
1003.21
966.957
1041.83
964.289
1052.78
948.914
1061.29
933.637
1001.13
996.007
1022.12
967.932
1061.83
941.241
1004.03
1040.16
962.101
1032.52
1031.64
920.088
1028.55
1021.75
983.616
1013.34
1011.54
1025.34
969.011
1043.2
954.464
1040.69
955.941
1035.05
993.703
996.828
981.404
1105.47
886.155
1019.2
976.383
1028.72
974.081
1024.01
992.754
1016.88
981.151
1017.98
1023.54
962.441
972.67
1000.2
973.625
1029.14
993.945
1006.08
971.092
1025.89
971.9
1029.9
970.086
1033.15
964.077
1028.89
987.864
1016.8
966.002
1030.96
982.632
1029.69
961.029
1026.01
978.038
1019.53
998.228
1002.9
975.022
1024.93
969.854
1028
970.616
1029.17
975.248
1038.09
981.945
1012.16
973.06
1032.76
956.428
1036.8
969.023
1027.86
975.186
1025.81
988.936
1242.04
807.297
980.65
997.228
1003.79
999.098
1001.77
991.341
969.213
1038.05
974.994
1024.79
986.499
1026.75
951.674
997.685
992.382
1053.59
944.382
1043.05
956.193
1038.74
959.616
1042.03
956.236
1033.77
1010.01
936.244
1060.83
1010.15
998.746
1004.94
1024.08
1027.59
975.248
1006.18
924.402
1051.96
958.31
1060.95
974.364
1028.86
1060.69
927.252
955.859
1107.24
914.901
996.034
1011.18
1008.95
996.727
1053.91
965.921
1052.73
958.967
973.591
982.753
1008.9
1000.28
1035.98
924.876
1026.32
960.823
1036.81
997.766
985.55
1014.25
980.98
1070.51
962.282
1005.08
948.371
1019.22
978.11
1021.99
999.931
1131.78
923.721
1032.35
966.901
1048.27
924.979
1003.97
955.947
1029.69
971.788
1041.36
974.861
1016.93
963.137
1017.23
967.638
1029.83
971.31
993.94
1027.84
972.423
1003.91
1005.53
1044.12
944.259
1047.81
1018.22
997.292
949.574
1027.81
970.232
1053.65
982.943
1043.33
951.331
1013.37
969.939
1027.24
956.828
1045.88
961.838
1073.05
941.78
1052.55
934.662
1015.84
981.653
1030.82
970.094
1021.85
988.512
1067.76
976.688
1002.44
988.71
1040.83
923.279
1051.03
959.975
1068
931.234
1073.5
935.03
1050.1
943.911
1037.97
1016.1
951.427
1103.28
923.798
1017.68
959.893
1029.09
964.65
3262
10.978
724.526
986.719
990.134
989.52
1064.21
966.062
1010.13
957.772
1032.01
972.993
1060.93
968.785
1005.43
975.586
1024.95
963.203
1054.5
965.527
1008.73
969.258
1032.06
970.086
1055.91
961.84
1011.5
970.4
1033.87
968.248
1055.02
959.723
1012.08
967.85
1034.73
984.681
1036.86
962.758
1031.4
960.5
1023.22
969.993
1052.42
950.051
1027.4
969.669
1012.07
989.661
1106.87
907.941
1018.36
977.15
1096.38
922.303
1036.37
923.061
1038.18
982.152
1030.52
973.167
1012.4
973.613
1039.9
954.96
1032.9
973.069
1024.28
965.953
1050.17
1006.3
987.674
964.626
1037.9
954.391
1026.98
969.943
1049.76
1006
1023.24
954.79
1037.86
951.997
1051.7
946.195
1034.43
970.587
1029.45
976.593
1012.97
1003.33
1070.02
937.967
1030.76
996.056
995.438
956.816
1037.94
962.835
3269.28
9.854
713.679
1000.59
980.68
995.765
996.378
1030.82
1000.69
1113.83
952.76
963.43
961.465
1032.34
963.003
1028.39
974.959
1025.22
965.872
1033.2
960.324
1041.04
968.419
1029.85
964.568
1018.55
968.852
1029.98
967.91
1059.18
943.316
1030.68
967.756
1030.32
970.831
1046.49
960.303
1029.14
959.188
1022.06
977.836
1034.81
964.998
1033.41
965.557
1029.98
978.619
1023.66
966.751
1023.18
976.828
1029.55
969.864
1035.84
1038.48
999.47
970.487
1027.04
969.335
1017.86
987.849
999.307
974.118
1020.64
967.131
1040.89
977.129
1032.88
961
1036.2
952.962
1032.1
959.737
1034.09
968.805
1032.11
975.894
1032.19
974.037
1068.78
1001.79
1018.98
1029.06
922.333
985.783
1010.7
973.732
1039.53
967.608
1028.17
977.652
1031.35
956.891
1024.68
1056.12
1005.33
972.329
968.217
1008.26
1037.69
3213.76
11.761
714.774
1032.15
976.054
1032.26
997.678
948.665
1032.43
953.914
1035.12
974.698
1027.09
967.61
1030.51
979.493
1014.51
975.084
1029.23
970.323
1017.13
964.124
1041.99
961.073
1030.2
969.711
1030.3
967.744
1056.97
945.05
1032.93
965.09
1031.8
981.185
1025.59
967.593
1026.56
968.42
1034.73
963.433
1029.55
968.028
1020.17
1009.15
1018.26
959.66
1027.83
979.395
1046.7
946.704
1027.28
971.588
1033.03
1062.88
964.596
979.517
1040.05
931.186
1006.11
988.622
1042.27
973.887
1038.03
968.884
1018.91
975.421
1047.65
942.868
1037.49
960.79
1025.86
974.792
1036.04
973.887
1032.72
982.588
1005.61
1022.96
951.363
1046.27
2223.47
7.512
746.856
1083.08
934.702
958.157
1031.36
960.439
1044.92
966.029
1020.86
1005.15
1012.98
972.753
1001.5
957.045
1031.85
999.945
1010.1
973.897
1020.74
969.308
1042.06
1002.62
993.95
987.244
1016.64
1013.44
998.53
964.882
1035.5
3205.34
12.476
760.081
1031.04
1011.41
914.18
1150.31
880.374
1060.75
967.678
992.949
966.255
1025.96
991.486
1060.59
1006.75
961.561
961.286
1025.03
973.806
1077.17
941.293
1004.97
959.004
1022.44
979.187
1064.28
982.878
985.764
970.164
1014.94
1002.42
1011.84
973.739
1025.12
966.883
1068.1
955.185
1010.77
974.467
1053.61
945.78
1048.21
1007.27
1010.67
958.107
1048.73
943.9
1087.14
948.015
997.069
956.811
1027.1
973.006
1060.14
968.897
1000.66
973.368
1014.99
972.054
1069.62
957.271
1008.05
958.684
1030.11
970.837
1091.04
910.169
1036
1015.03
994.976
996.958
1008.64
999.634
996.085
998.559
1001.99
989.992
1009.98
992.974
1017.93
1009.09
1048.43
920.708
1009.09
969.64
1025.23
967.762
2288.91
7.951
720.85
985.449
1029.73
980.296
1005.12
980.786
1024.8
1003.41
970.223
1033.63
977.585
1023.42
960.509
1029.32
982.275
1027.11
963.089
1027.57
966.088
1032.97
975.012
1028.18
965.811
1036.08
965.137
1030.78
984.871
1024.84
960.122
1032.06
976.249
1029.54
967.204
1025
968.713
1027.88
977.217
1022.81
969.986
1028.88
968.507
1028.7
968.857
1034.95
973.368
1029.69
962.303
1033.03
968.83
1033.7
977.585
1030.62
960.236
1040.56
989.029
1047.26
945.911
1082.78
963.27
999.771
1010.48
993.471
956.555
1032.65
956.96
1013.86
989.571
1012.19
977.671
1034.58
976.154
1029.81
956.152
1019.96
971.032
1034.07
964.128
1028.62
970.631
1037.52
968.956
1031.73
968.261
1033.17
968.252
1028.73
987.789
1026.07
958.048
1035.94
973.116
1030.64
962.501
1030.65
971.271
1005.86
1033.94
3229.62
15.195
757.967
1013.15
960.301
1067.92
994.114
1013.03
947.094
1003.51
982.535
1024.47
1008.1
1000.56
933.534
1029.89
971.789
1030.14
998.702
1023.97
943.148
1028.12
1005.84
1045.81
904.459
1051.78
983.531
1012.45
966.951
1026.93
998.226
1036.73
949.09
1033.05
968
1024.34
970.961
1033.59
984.286
1013.82
968.821
1030.96
970.822
1034.27
971.13
1031.7
964.196
1070.92
931.002
1030.17
970.703
1032.39
968.622
1035.74
959.819
1027.81
982.888
1053.88
974.167
1012.67
996.403
1009.42
1015.14
980.79
985.964
1005.07
966.046
1048.08
957.307
1037.47
955.291
1018.36
978.66
1035.54
976.245
1004.19
966.721
1039.93
975.177
1016.7
967.998
1029.2
992.25
1067.74
928.92
1019.15
964.353
1030.06
978.613
1066.87
955.188
1037.72
963.145
1053.87
932.53
1053.55
953.154
1042.86
965.031
1116.24
944.577
967.885
964.967
1020.47
962.68
1036.95
973.193
1025.7
980.331
1026.11
979.027
1005.61
992.899
1017.15
956.158
1031.86
969.473
1026.49
985.801
1011.68
970.565
1033.76
988.062
1007.34
969.36
1029.33
971.272
1028.65
972.934
1029.51
969.81
1028.65
992.134
1029.82
960.706
1019.8
967.425
1032.34
981.718
1017.08
965.981
1032.26
982.822
1016.06
975.932
1026.91
968.087
1029.4
983.582
1018.88
968.244
1028.95
984.306
1023.67
971.725
1034.18
958.78
1031
1356.12
676.888
935.019
1000.95
1022.23
1003.94
969.714
1060.59
978.654
995.722
971.501
1034.61
999.943
994.893
961.355
1051.64
989.406
1013.81
953.082
1037.95
1040.15
952.748
978.953
1026.98
961.041
1030.11
1001.63
1004.03
964.712
1036.24
1001.12
1002.9
992.219
1006.71
1002.13
1030.04
958.587
1029.67
956.036
1088.93
970.312
999.331
2177.52
48.042
744.584
1026.89
935.146
1035.95
977.931
1023.77
1004.35
977.478
1002.72
1017.55
975.612
1017.55
981.951
1008.01
969.484
1027.92
999.737
1029.75
944.62
1037.4
962.881
1026.42
968.963
1028.99
973.797
1029.17
981.707
1020.16
969.871
1030.94
996.138
1016.94
960.921
1025.68
967.252
1029.17
983.991
1019.96
966.703
1029.47
989.73
1015.36
962.588
1033.08
973.005
1024.89
982.09
1020
971.019
1007.85
1011.67
1017.51
977.954
1012.75
971.079
1031.28
981.656
1088.12
972.079
980.924
1017.86
990.053
983.868
1034.06
947.154
1019.85
975.981
1021.84
981.434
1025.67
986.535
1009.62
958.808
1024.11
976.815
1020.34
983.789
1018.07
973.035
1026.77
988.524
980.866
1034.23
1014
1072.67
919.184
1029.11
946.096
1019.67
968.859
1029.99
973.317
1043.93
949.165
1026.73
969.783
1082.12
949.981
1038.35
959.808
1067.51
934.442
1035
954.605
1060.56
950.266
2250.06
48.523
712.052
1001.05
1020.88
989.843
967.876
1041.74
965.197
1030.19
978.01
1018.03
968.895
1020.62
991.27
1038.09
948.71
1035.05
961.955
1035.03
967.818
1027.29
974.698
1045.85
954.025
1025.12
976.142
1032.06
959.286
1025.44
979.426
1018.04
965.835
1037.95
988.923
998.987
965.273
1027.93
977.281
1015.63
1032.36
945.565
1034.06
982.364
1031.62
965.989
1020.36
967.526
1026.73
970.575
1048.04
958.629
1033.96
1017.95
998.225
954.677
1067.62
960.503
1009.04
957.878
1040.22
961.454
1072.75
953.692
1021.84
966.085
1021.29
976.936
1019.96
973.867
1036.86
2814.13
48.927
192.862
909.431
1002.82
1027.01
966.168
1072.07
984.56
1013.81
964.467
1042.85
937.888
1027.05
951.801
1106.94
1015.54
968.99
932.735
1015.86
964.119
1090.44
937.769
1014.45
966.237
1032.17
976.869
1026.36
998.477
1013.2
1007.3
955.109
1126.44
878.989
1014.02
970.869
1022.14
978.009
1054.12
968.717
1015.51
953.018
1026.49
1005.08
1022.63
947.588
1056.68
952.314
1028.85
1007.98
1012.99
945.125
1031.54
959.007
1033.31
1008.87
952.643
1023.67
1019.34
974.121
1022.92
1011.25
1014.77
961.193
998.301
970.558
1027.83
1011.02
972.964
1007.79
993.492
1019.07
966.653
1026.24
977.678
1030.2
966.827
1033.08
980.369
1038.83
956.721
1031.92
979.856
1058.3
956.299
1009.22
959.574
1041.14
972.401
1050.43
1002.79
1021.26
948.024
1018.16
958.637
1031.77
971.252
1029.1
1001.36
1007.91
959.532
1054.12
940.062
1044.07
902.848
1106.37
986.71
1005.75
999.616
1012.17
995.74
941.756
1023.27
985.354
1050.13
953.891
1015.34
974.659
1050.58
957.012
1010.45
965.567
1046.55
967.787
1046.35
965.902
1017.97
972.951
1067.83
949.33
1036.82
965.121
1081.77
912.105
1029.91
962.656
1021.15
971.094
1046.03
966.077
1031.56
963.687
1024.54
966.171
1035.1
976.358
1034.58
950.202
1032.6
987.997
1014.15
963.872
1030.01
966.133
1003.59
1025.45
970.754
1027.67
982.298
1022.96
966.511
1038.39
966.097
1025.18
976.637
1031.46
970.679
1020.99
976.938
1024.11
971.077
1029.07
977.07
1022.01
971.272
1025.86
971.362
1028.39
978.634
1022.25
971.651
1032.08
970.949
989.912
1047
1018.87
980.123
1021.3
951.796
1018.37
974.48
1024.24
978.695
1071.07
933.939
1036.59
958.732
1057.14
944.884
1018.1
1003.72
1028.91
950.076
1048.16
959.713
1032.96
1015.36
969.328
981.423
1048.92
963.109
1073.45
1010.09
956.823
970.648
969.226
1035
969.006
1079.83
957.088
1006.84
963.777
1026.44
989.399
1069.23
931.02
1040.08
969.304
1071.42
915.631
1005.64
969.311
1029.55
961.164
1045.81
973.372
1021.84
994.089
1031.48
957.694
1019.91
961.936
1033.61
1022.12
1023.88
953.17
1047.25
923.95
1037.19
1003.16
985.337
979.274
1041.09
950.863
1019.75
989.264
1041.41
935.756
1033.39
998.12
1013.72
1003.04
1070.21
896.809
1033.44
972.682
1014.97
1007.93
1024.18
949.894
1016.05
980.916
1021.84
984.736
1032.67
950.801
1030.02
968.877
1028.11
1005.96
990.937
1005.77
972.791
1031.35
984.251
1089.08
946.727
980.899
964.094
1066.76
964.694
1013.35
959.842
1037.18
956.868
1032.13
1009.74
1001.36
959.931
1029.32
989.41
1017.53
974.577
1032.98
984.887
1028.12
965.239
991.848
991.908
1023.03
983.788
1054.12
953.999
1016.01
1001.28
1009.67
972.561
1018.68
960.932
1069.87
951.378
1011.61
966.318
1073.2
959.411
1016.02
974.138
1017.86
996.905
1027.32
934.827
1027.09
994.946
1059
942.793
1053.32
974.623
1033.08
939.23
1030.84
3991.66
9.809
42.224
926.911
1006.84
1009.02
1022.69
995.773
965.063
1003.78
976.214
1025.77
1001.42
966.586
998.232
1030.45
965.586
1000.96
1059.33
949.724
1029.08
968.828
1037.24
967.758
1031.85
967.968
1040.33
953.717
1038.89
964.961
1025.35
968.617
1040.82
957.59
1032
968.715
1028
972.225
1046.29
959.456
1035.97
959.104
1042.78
964.889
994.113
1049.04
1024.26
948.357
1021.54
983.663
1050.89
940.319
1022.77
958.733
1069.64
957.776
1009.4
962.52
1055.04
962.04
1024.93
966.992
1045.28
953.565
1038.19
976.334
1021.02
996.75
995.57
975.046
1029.14
975.974
1028.87
977.972
1020.02
965.503
1027.87
965.306
1003.85
1005.59
1026.23
1000.66
1001.54
1019.48
1002.99
991.894
997.202
953.637
1025.46
973.922
1019.84
970.845
1026.96
984.243
1037.77
984.951
1013.18
971.644
1058.48
943.004
1046.78
958.955
1038.02
975.01
1100.14
884.845
1031.12
954.818
1027.86
972.212
1037.6
972.214
1012.84
968.076
1085.33
985.218
982.335
1000.4
969.991
1032.29
959.424
1035.91
973.525
1031.92
966.969
1020.59
967.57
1029.13
989.502
1021.04
960.659
1019.51
965.042
1032.52
974.43
1031.87
961.782
1032.95
1000.82
1023.24
957.383
1032.74
960.47
1045.52
965.195
1031.72
1014.34
1018.75
954.657
1008.73
1011.38
1047.14
935.976
1008.13
970.918
1039.81
963.982
1021.36
991.992
1024.58
956.261
1046.75
968.263
1023.75
975.134
1020.6
967.568
1027.72
987.143
973.026
1000.93
1039.88
1016.59
1021.96
956.033
1007.1
1013.71
984.724
995.138
1059.52
920.472
1008.65
980.235
1060.57
947.154
1047.2
965.065
1019.86
986.218
1007.68
955.304
1041.13
1046.59
967.875
963.268
1012.24
968.565
1061.3
961.715
1011.58
975.357
1050.42
960.657
1117.42
879.652
1032.98
957.545
1023.33
986.235
1015.5
974.359
1031.49
971.205
1082.9
945.56
995.297
976.714
1018.82
993.639
1004.93
969.53
1025.94
990.83
1024.78
965.038
1024.77
970.317
1034.78
958.123
1031.01
972.708
1029.1
967.376
1029.79
970.037
1031.76
970.19
1029.2
1005.83
1001.8
965.939
1030.3
973.857
1036.27
966.813
1030.77
1012.34
1035.79
946.903
1019.47
949.481
1028.09
1022.89
970.923
1011.23
1019.65
989.201
996.946
986.383
1017.96
969.728
1032.85
979.107
1025.93
960.388
1027.96
971.392
1023.94
974.402
1018.89
971.317
1040.62
982.03
1058.02
928.979
1021.23
965.991
1031.03
984.884
1015.65
970.495
1067.48
966.937
1006.43
970.802
1061.88
956.586
981.353
1036.94
972.224
1056.21
929.669
1037.2
966.949
1042.04
986.063
998.877
962.018
1045.82
960.821
1060.46
952.978
4306.49
12.134
678.343
998.18
1038.79
967.773
1019.98
968.029
1044.21
985.709
991.768
978.766
1023.3
965.546
1044.85
960.951
1029.81
964.257
1044.02
959.765
1040.9
966.875
1040.36
947.752
1045.96
952.304
1029.74
981.747
1049.24
941
1029.7
967.088
1031.08
998.096
1022.38
952.385
1028.93
971.606
1042.35
985.102
1027.93
949.535
1021.78
967.612
1089.13
980.577
1002.02
933.838
1043.51
985.977
992.298
1030.61
1011.02
974.187
1015.95
985.937
1000.33
970.778
1040.95
957.803
1040.05
971.065
1021.9
961.04
1044.3
950.853
1042.38
955.86
1043.71
960.082
1087.92
936.919
1049.76
944.374
1050.21
2744.88
6.989
232.427
958.757
994.917
1029.91
957.031
1029.73
966.747
1073.93
974.493
1006.85
978.953
1035.04
968.909
1044.02
970.77
2246.52
6.484
767.379
956.367
1028.15
966.308
1051.1
985.832
1003.33
962.088
1022.87
965.804
1047.91
953.434
1029.53
964.017
1038.87
956.014
1039.09
965.365
1032.34
968.495
1041.73
963.126
1033.18
972.687
1043.04
950.694
1029.31
978.991
1021.84
974.023
1038.9
959.896
1027.35
968.703
1042.63
956.734
1002.75
1030.15
974.121
1022.5
981.439
1019.99
976.99
1029.7
980.143
1019.94
961.925
1029.89
971.193
1035.01
972.879
1034.05
1019.04
985.231
970.876
1011.97
965.835
1025.82
1014.19
1009.94
998.078
1013.7
993.599
983.45
981.536
981.853
1031.65
986.806
1023.76
966.38
1032.93
959.977
1053.58
959.474
1018.86
954.839
1034.12
991.23
1091.95
921.086
1011.99
988.718
1055.27
920.212
1067.52
945.971
1031.34
974.985
1010.95
958.54
1085.17
977.305
980.011
966.916
1038.83
998.684
1037.69
924.727
1021.9
975.892
1154.62
971.646
950.066
1161.49
4074.68
11.476
696.849
985.927
1047.62
950.052
1030.99
966.245
1100.68
948.275
979.305
964.342
1030.88
974.138
1041.32
959.699
1025.06
964.149
1049.73
954.013
1039.89
958.103
1032.86
970.146
1039.81
959.335
1036.95
955.654
1056.06
943.097
1035.76
972.335
1024.95
971.768
1049.32
954.083
1028.6
964.188
1033.7
968.493
1028.57
966.549
1038.61
960.813
1059.36
942.718
1050.1
996.22
1017.69
972.664
1034.29
967.282
1024.19
968.262
1026.34
955.993
997.708
1028.09
982.667
1020.1
975.102
1027.46
966.362
1042.38
979.343
1015.64
956.216
1033.71
967.987
1023.99
972.126
1034.46
1004.76
1024.62
963.652
1026.42
953.943
1067.53
944.975
1022.3
964.03
1027.3
1000.81
1007.76
990.317
998.93
1022.93
1009.94
950.254
1017.63
969.203
1060.85
968.278
1065.56
942.371
1124.99
896.042
1005.03
947.595
1027.51
966.449
1034.83
969.348
1022.43
984.752
1027.59
1005.08
972.488
988.527
1021.06
968.999
1032.83
978.048
1032.11
986.029
997.945
975.94
1032.88
960.097
1037.27
962.864
1030.8
971.196
1029.85
976.979
1026.18
965.811
1034.86
962.962
1036.4
975.277
1022.51
972.232
1030.78
998.981
1014.53
954.623
1046.07
955.922
1025.81
990.814
1037.19
942.078
1027.66
984.545
1020.08
1000.08
3080.33
9.626
927.76
980.737
1100.1
941.132
1009.68
939.067
1021.92
982.248
1069.86
961.915
991.889
968.544
989.891
1037.21
992.664
1003.61
984.588
1014.52
974.394
1018.57
973.998
1032.47
985.842
1069.9
962.754
993.194
966.281
1050.54
965.577
1013.08
957.662
1027.89
993.234
1014.56
1005.37
1033.75
947.411
1000.47
1016.94
1046.19
930.853
1060.21
962.748
1032.09
963.494
1053.64
941.312
1027.3
965.457
1038.23
993.642
1025.38
947.649
1043.75
1021.97
981.111
979.064
1029.81
969.134
1019.89
953.985
1011.96
969.696
1034.88
964.3
1034.06
963.843
1042.94
979.092
1020.82
969.622
1062.4
935.033
1050.88
1030.15
955.103
990.141
1037.68
946.829
1065.37
963.329
995.369
963.099
1027.18
996.957
1012.14
960.73
1032.14
967.979
1016.78
981.199
1020.03
1065.89
939.017
973.788
1085.12
927.513
1064.72
937.977
1074.91
995.753
975.149
938.925
1055.09
974.963
1081.81
889.293
1070.06
1002.67
971.953
961.007
1021.84
982.347
1065.6
958.688
943.095
1083.05
952.4
1069.65
939.652
1019.75
964.472
1026.64
1005.08
1046.44
947.464
1002.12
970.306
1019.85
1004.4
1013.07
968.217
1045.52
941.835
1060.78
969.166
1037.87
1015.55
977.15
983.889
1010.95
987.187
1009.03
940.164
1053.54
941.435
1067.83
989.706
1011.47
947.447
1050.35
954.081
1017.14
964.598
1056.32
942.749
1064.58
1032.32
954.994
967.034
1019.75
966.943
1028.07
972.817
1036.85
3221.71
9.829
745.06
1008.24
988.926
1013.61
969.086
1030.02
1000.11
1058.99
922.113
1035.65
959.277
1024.01
969.311
1026.26
970.312
1028.48
975.443
1027.12
970.625
1036.21
966.655
1029.92
966.18
1034.07
963.541
1031.37
968.976
1036.99
971.598
1035.78
956.694
1028.15
997.939
1034.11
953.522
1015.03
973.378
1028.65
974.006
1067.04
942.22
1053.86
952.296
1021.28
977.402
1001.67
1018
974.367
1037.36
977.954
1018.95
955.882
1029.71
968.412
1025.8
969.284
1064.78
954.97
1066.02
943.268
1048.56
949.149
1012.73
967.132
1027.99
971.174
1099.18
1009.45
979.399
966.306
946.982
1034.49
987.13
1050.95
936.701
1022.02
991.164
1048.19
948.899
1013.79
967.945
1065.56
947.006
1017.85
1000.98
1033.59
973.186
1016.27
991.801
1046.85
941.943
1045.72
956.026
1042.68
947.906
1029.77
951.71
1034.35
968.717
1030.1
995.082
1007.73
961.212
1030.82
970.075
1044.9
977.13
1021.08
958.186
1025.97
976.552
1031.94
959.267
1026.76
965.945
1030.12
983.332
1025.78
965.765
1027.42
970.847
1031.56
971.363
1026.79
966.902
1000.7
1043.12
968.734
1030.74
972.472
1014.41
979.769
1028.3
2388.64
49.536
568.483
1037.41
963.796
1021.01
985.706
1030.24
964.904
1007.81
971.963
1038.18
965.17
1034.82
955.94
1032.86
961.037
1038.19
960.633
1026.18
968.265
1032.89
979.376
1024.64
960.614
1049.26
1016.38
984.376
959.724
1020.57
969.202
997.164
1046.3
973.808
1006.45
975.374
1045.72
956.136
1036.6
958.213
1028.7
967.414
1027.65
999.81
1031.97
961.766
1016.17
970.538
1057.82
962.397
1021.36
1004.05
1011.14
972.732
1017.91
980.25
1058.75
942.004
1002.93
957.62
1088.34
965.298
1065.15
925.841
1002.05
963.745
1045.15
958.279
1059.54
963.182
1005.87
969.272
1029.61
975.161
1058.15
949.995
1021.88
964.016
983.649
1130.25
880.185
1028.5
969.403
1029.23
970.258
1032.15
921.587
1164.59
914.802
998.235
972.963
1024.22
968.86
1009.85
996.088
1028.34
973.648
1034.1
973.834
1035.07
949.768
1392.41
659.147
999.948
996.664
1015.95
982.092
1022.98
964.76
1029.14
973.957
3016.85
21.184
960.973
995.551
1040.49
939.78
1029.48
988.311
991.095
1003.34
1023.81
967.218
1017.65
981.156
1034.23
949.963
1047.19
969.937
1042.74
968.267
1035.6
1022.01
989.118
1072.9
982.983
927.772
995.047
996.997
1009.22
994.658
1008.91
978.402
1027.35
946.76
1074.91
961.407
1022.97
962.337
1029.77
949.112
1036.96
974.385
1040.65
959.075
1023.03
966.829
1026.99
1020.18
984.23
974.003
1015.3
971.668
1023.59
977.917
1021.17
979.165
1025.02
965.676
1031.18
972.868
1033.93
974.153
999.091
1023.88
973.144
1039.76
955.447
1032.1
966.83
1028.57
970.06
1036.13
966.101
1026.64
970.128
1051.99
949.093
1027.98
970.834
1030.18
970.062
1013.89
1010.01
1025.09
980.878
1022
963.895
1021.91
974.082
1023.12
973.823
1035.1
963.157
1037.66
973.057
1047.8
954.681
1049.51
953.329
1045.79
955.594
1050.91
951.673
1020.75
966.851
1036.9
956.251
1033.77
974.466
1028.69
969.223
1039.26
954.783
1022.74
965.963
1051.11
997.809
1024.21
984.772
1020.08
967.82
1017.83
943.476
1030.83
1011.23
1058.71
906.649
1017.83
982.381
1039.15
1003.03
996.728
952.042
1027.3
994.223
1031.62
974.668
996.585
998.955
1021.83
963.058
1046.77
1170.28
2847.01
8.875
969.806
990.047
1040.73
940.591
1020.73
971.814
1031.73
954.201
1031.82
980.524
1023.74
962.61
1033.25
972.02
1038.67
969.087
1017.09
978.154
1027.84
965.802
1030.9
973.405
1030.82
963.091
1030.79
973.33
998.078
1027.82
984.163
1020.3
968.666
1026.33
973.595
1002.35
1005.6
1035.94
979.477
1011.88
978.759
1030.96
966.935
1023.7
975.32
1020.54
971.272
1043.28
958.136
1029.65
969.994
1029.02
1015.09
991.823
959.836
1023
967.531
1109.44
902.326
1066.27
949.845
1007.81
959.762
1041.18
994.426
1013.87
970.872
1050.9
940.795
1030.86
966.501
1040.73
968.472
1029.63
1000.87
999.887
976.572
1050.07
942.763
1028.88
993.143
998.762
979.064
998.139
1018.57
973.479
1025.93
999.373
1017.51
962.957
1020.07
971.893
1059.84
945.27
1043.75
967.043
1047.91
968.34
4057.74
11.447
961.651
5739.83
208.927
990.785
1002.96
992.057
1029.91
968.993
1028.21
971.001
1032.93
999.206
1012.83
955.873
1024.07
972.865
1027.9
970.9
1031.24
972.886
1045.9
972.306
1016.86
973.818
1020.71
989.479
1029.02
953.131
1023.82
972.052
1005
1051.99
969.793
1009.55
970.115
1024.42
965.944
1057.94
957.898
1014.04
968.951
1056.3
1040.83
1985.2
7.286
937.703
980.642
1028.21
967.036
1079.81
989.189
999.101
976.575
998.152
978.88
1055.74
943.658
1025.87
960.315
1042.16
965.464
991.745
2274.13
48.343
687.121
1015.63
967.662
1005.27
1054.41
1012.43
953.981
1027.87
944.513
1028.57
974.504
1072.87
955.594
1035.16
969.847
1003
989.056
1023.99
951.321
1021.42
970.577
1031.68
985.642
1048.57
959.931
1021.98
947.801
1031.38
1026.29
974.45
1023.74
979.69
1039.14
953.566
1032.29
963.133
1095.96
983.82
3217.45
9.375
703.945
1026.71
1006.02
936.322
1126.51
918.064
1017.93
980.994
995.126
1004.76
1011.51
986.602
997.286
998.009
1001.72
1003.1
1009.27
999.813
978.35
1088.82
934.126
989.569
1002.88
1002.02
989.148
998.898
1011.91
993.97
1008.07
989.275
1005.59
992.841
1000.37
997.708
999.018
1005.92
1010.06
985.908
1041.34
1015.76
986.24
976.637
994.94
996.38
994.307
1030.63
989.268
982.387
999.776
1024.39
1002.71
968.486
1007.69
1027.21
973.955
1002
1012.05
979.763
1002.98
1009.26
1014.86
983.437
994.576
977.943
1054.94
992.118
984.815
989.341
991.113
999.87
1020.77
1014.99
995.393
1003.1
987.546
1016.4
989.607
1005.59
1002.01
979.293
1026.47
973.365
998.458
1011.01
1005.84
1030.85
5004.14
10.548
34.535
965.606
980.1
983.953
1026.39
960.76
999.762
992.856
969.99
1042.18
1062.11
942.934
979.186
999.099
1000.7
999.856
1026.04
985.87
976.312
992.709
1000.01
1002.46
1001.95
1014.03
982.702
999.569
1023.18
981.033
1017.15
979.026
1016.54
987.505
999.242
1004.61
1009.15
981.674
1013.4
997.353
995.425
993.21
999.973
1003.24
1001.81
995.77
998.204
1002.07
1014.52
984.35
1010.62
1002.09
1043.25
968.907
1006.02
986.58
1030.48
989.061
1010.85
965.729
1010.07
1008.16
999.248
988.585
1003.07
997.776
1005.32
987.119
1019.77
977.808
999.232
1003.96
1018.02
985.626
997.729
996.179
1022.64
1001.31
997.597
1028.9
967.904
979.595
1004.25
1047.93
942.17
1017.8
979.97
1005.28
1008.29
994.89
1020.48
983.987
1002.08
988.684
1041.4
979.277
990.748
989.644
1033.29
982.863
985.008
991.731
1032.96
1001.17
982.392
991.003
1001.76
1084.45
935.761
985.927
992.159
1002.07
1002.97
1004.71
1055.19
947.939
1010.91
974.803
1006.74
990.076
1013.45
992.946
1018.83
969.272
1003.88
993.858
1002.03
1008.94
1018.44
978.433
966.41
1078.85
951.116
1000.86
1007.96
998.986
992.994
994.242
1042.29
961.414
1000.68
997.44
998.98
1000.25
1000.92
1000.63
999.095
995.955
1012.08
996.455
991.344
1002.01
983.184
1077.02
973.164
946.74
1023.94
1001.05
1010.45
985.538
1036.93
977.968
1011.34
972.799
1040.83
982.503
979.826
995.803
1056.23
1012.04
992.7
961.957
999.269
996.853
984.014
1048.57
1003.76
963.54
1026.33
962.165
1023.27
1017.18
985.835
968.113
1016.22
999.562
998.139
1037.27
995.014
971.6
1004.27
1000.48
1001.42
1040.4
2204.48
9.043
710.149
1038.86
1021.87
1006.33
961.379
1031.12
998.123
990.024
1005.07
980.878
1003.08
995.02
981.279
1017.62
998.799
1008.43
996.583
1088.77
946.312
969.945
985.077
998.07
1017.8
978.145
1001.86
995.031
996.944
1002.04
1006.3
2570.86
6.865
416.032
1019.13
990.717
1004.09
998.603
999.363
992.383
993.537
999.789
970.575
1091.72
972.874
966.083
1003.54
1000.77
987.544
1005.17
1023.96
982.094
998.932
1016.99
1012.99
954.985
1050.94
980.085
993.033
999.959
1022.74
1025.44
986.02
966.955
1086.82
921.789
997.067
1087.86
934.336
978.033
995.986
1008.38
1017.74
984.277
971.124
1020.21
1028.01
987.919
1002.83
1016.27
970.162
1008.96
988.92
997.792
1018.55
982.654
996.16
1018.4
981.506
995.492
1019.86
1010.67
970.04
991.664
1010.22
1016.9
1014.37
973.369
1004.26
982.905
1034.71
970.683
990.542
997.218
1036.84
975.145
958.696
1026.05
1033.99
1034.67
4235.78
10.598
751.373
993.8
956.102
999.57
994.195
995.998
1046.74
981.141
977.987
985.693
1040.23
971.925
1025.55
980.513
986.989
998.142
997.895
1007.91
1010.76
1000.21
1003.68
992.154
988.323
999.738
1007.09
994.953
1000.23
997.709
1008.01
988.817
1108.49
892.658
1045.72
983.76
1012.34
999.95
1009.1
1010.87
987.085
1011.99
1004.25
1290.78
1916.3
6.336
764.478
1012.87
991.025
1009.96
1030.48
1383.98
597.538
1017.84
1018.41
962.597
1023.17
979.897
1016.04
964.158
1003.27
1033.77
967.011
1051.99
942.924
1000.93
1017.18
1029.48
981.667
978.559
976.083
993.796
1019.74
1039.51
985.293
1424.85
571.114
968.516
1006.95
1008.02
986.793
1004.82
990.7
1003.67
975.12
1016
991.911
997.019
1017.65
990.637
990.161
1002.12
1016.81
1017.9
982.952
978.843
1032.87
977.075
997.62
1060.76
979.042
927.658
1052.39
982.026
1008.86
1012.49
1041.11
958.948
1031.8
926.247
1027.84
994.876
1024.8
925.963
1049.15
959.049
1064.01
943.266
1043.38
969.504
1015.62
994.097
1014.49
967.691
1054.85
939.055
1044.43
1001.43
981.856
999.439
999.796
955.73
1024.21
970.872
1034.45
1008.51
1022.1
938.846
1025.21
974.8
1062.11
941.919
1020.25
974.82
1026.8
968.043
4332.29
9.094
791.56
913.284
1002.99
985.583
1024.73
1013.47
1014.76
952.145
1032.08
960.725
1034.3
952.982
1050.62
966.707
1052.41
930.959
1036.14
946.871
1031.87
1048.2
996.052
963.143
996.45
997.71
1016.96
968.711
1124.54
911.334
987.125
959.879
1034.03
970.98
1054.32
983.751
1026.29
942.914
1054.02
958.741
1017.83
970.551
1044.66
972.002
1035.45
978.5
1033.97
974.995
1017.02
1015.7
986.454
952.631
1025.07
981.399
1039.69
966.853
1069
933.803
1032.25
950.971
1029.46
967.298
1005.58
978.648
1035.02
986.966
1023.93
949.931
1045.04
959.081
1026.34
968.811
1028.84
968.526
1033.45
964.897
1032.14
972.056
1048.91
948.803
1037
961.046
1037.2
967.828
1027.06
970.804
1040.59
966.11
1034.43
959.395
1032.43
969.085
1022
969.98
1047.74
959.087
1034.84
961.399
1044.95
953.976
1070.08
929.991
963.425
1038.51
1071.01
966.673
1016.65
952.824
1035.72
959.157
1029.97
1003.81
1014.3
993.083
999.956
1053.79
990.758
1049.4
929.288
956.521
1020.07
972.291
1083.45
926.844
1049.01
967.318
1029.19
969.954
1019.58
957.94
1025.13
975.945
1019.98
969.014
1045.91
965.104
1028.38
961.338
1061.66
957.632
1026.77
968.513
1009.39
1003.56
1023.61
971.166
1034.92
933.847
1033.86
993.149
978.219
991.191
1032.46
993.774
1014.51
958.939
1040.9
1020.05
1041.37
927.849
1015.66
988.025
1042.13
946.939
1042.42
966.619
1010.15
982.806
1062.81
952.953
1003.99
994.626
998.421
961.26
1058.46
945.398
1029.93
967.991
1056.6
950.98
1023.55
973.024
1033.24
970.725
1021.15
964.871
1036.12
967.316
1031.43
966.869
1038.64
959.354
1033.21
969.169
1029.81
968.148
1030.69
968.971
1031.32
968.761
1033.92
980.012
1028.48
967.104
2252.78
7.358
921.54
832.803
1022.12
973.946
1024.96
969.693
1041.44
953.218
1037.72
961.82
1036.85
966.153
1031.16
1003.64
1004.1
958.078
1050.86
964.308
1014.5
998.41
1005.09
977.768
1029.95
959.993
1057.2
962.749
1018.87
964.009
1049.39
983.529
999.491
969.752
1030.76
966.385
1045.48
975.595
1022.92
998.759
1013.96
955.979
1015.93
970.021
1056.99
952.83
1020.21
963.976
1073.91
953.776
1024.4
949.154
1049.44
984.156
1025.03
957.955
1024.13
978.661
1035.4
952.667
1038.13
967.884
1057.95
956.204
1020.81
965.994
1035.32
963.019
1034.66
972.08
1036
3222.12
7.51
756.502
1003.97
999.868
1000.05
966.236
1028.76
980.859
1014.39
973.956
1028.8
982.121
1024.8
964.957
1027.92
970.022
1030.91
976.061
1025.83
973.285
1023.75
986.279
1016.81
985.911
1016.57
964.466
1030.39
984.631
1014.04
987.073
1064.85
947.091
1005.03
971.945
1066.66
950.403
1013.9
968.975
1041.88
982.463
1037.76
974.932
1010.24
964.851
1018.86
987.949
1048.98
955.946
1025.17
941.274
1025.73
1026.94
995.902
943.805
1039.1
1006.22
1030.86
961.963
1019.12
953.821
1033.26
989.817
1037.85
1019.01
980.325
948.996
1017.83
987.969
1032.87
956.012
1048.41
956.489
1047.13
959.839
1038.95
950.191
1044.48
969.504
1038.91
968.117
1016.81
983.205
1005.86
1021
1041.09
942.946
998.178
977.554
1024.1
976.084
1016.75
981.458
1015.71
964.486
1029.71
970.705
1030.96
980.046
1021.29
965.815
1048.99
973.108
1023.72
953.074
1030.04
967.939
1030.07
990.167
1012.65
969.492
1030.78
987.733
1008.99
970.18
1031.97
965.891
1030.87
986.673
1014.38
974.845
1038.11
992.206
1011.75
958.05
1033.04
973.099
1025.05
984.922
1018.86
969.17
1041.85
1033.32
967.606
970.13
1030.51
956.677
1026.02
1028.83
992.9
957.033
1040.97
992.071
1002.96
1005.52
1017.35
952.962
1035.03
971.077
1031.18
964.043
1034.81
970.875
1010.99
973.064
1027.91
984.638
1058.58
974.971
1006.73
994.695
1004.08
968.508
1008.29
964.69
1027.12
990.902
1045.17
961.906
1025.05
971.746
1015.81
988.133
1017.86
971.433
1027.83
968.738
1033.13
1020.06
993.197
1016.62
1025.36
985.913
990.07
970.585
1059.37
952.819
1006.02
1012.78
982.257
987.876
981.66
1023.74
987.368
993.707
995.699
999.71
999.841
1015.74
988.553
1019.21
987.588
1017.12
972.063
1007.73
1011.07
999.981
983.009
1010.05
1013.95
999.044
1004.43
981.517
987.133
997.105
999.843
1023.92
998.799
988.294
990.712
1004.73
1006.3
1037.29
982.666
968.878
999.861
969.331
1048.09
1021.64
981.503
982.755
994.646
1038.14
1027
998.082
998.758
976.359
987.89
952.631
1027.52
1042.69
1012.44
947.184
1013.25
970.713
1007.4
1001.32
1004.98
983.585
1030.69
956.859
1026.81
981.052
1021.66
969.318
1032.85
965.348
1098.4
936.262
1023.6
958.527
1041.13
983.262
998.084
967.296
1022.33
993.211
1015.49
979.338
1024.7
975.281
1024.64
978.761
1245.07
3722.32
9.614
41.123
1030.36
984.683
1026.17
971.869
1037.9
992.082
1016.1
980.515
980.497
978.688
1007.16
963.915
1030.32
966.583
1052.11
944.962
1039.06
967.364
1029.47
967.167
1041.96
960.021
1026.79
974.618
1028.44
965.893
1030.1
966.886
1044.39
954.656
1046.75
946.556
1047.17
953.6
1029.15
968.582
1031.39
965.826
1040.08
968.992
1041.41
961.918
1020.55
979.25
1022.14
966.506
1027.19
972.318
1032.64
965.985
1056.2
945.96
1036.86
984.066
1014.66
987.194
1048.94
941.169
1022.15
978.047
1001.06
1022.02
973.155
1050.46
955.15
1024.04
961.328
1037.35
973.957
1028.62
985.935
1002.76
978.972
1016.73
975.911
1030.83
987.41
1012.13
991.379
1023.16
996.864
1043.24
937.838
1028.49
1005.61
992.966
950.661
1013.72
1022.82
1009.85
953.842
1030.47
1007.93
1012.62
969.949
1005.14
987.306
1044.63
982.883
1021.86
980.061
1039.35
934.002
1024.17
979.759
1022.82
974.003
1029
974.693
1039.38
957.139
1031.03
978.814
998.942
973.863
1048.37
971.476
1054.36
961.935
1007.05
977.891
1009.89
965.061
1041.83
1040.21
971.085
949.807
1029.2
971.094
1025.71
1003
1026.73
945.471
1028.41
968.864
1030.41
994.104
1028.21
958.068
1023.89
979.967
1926.9
240.75
852.116
969.314
1027.76
962.979
1031.75
972.557
1029.02
996.504
1002.47
970.86
1034.43
961.988
1033.35
955.231
1097.73
949.379
1007.95
963.3
1001.43
1036.59
998.917
1040.99
964.565
985.83
968.349
1040.98
1027.16
969.361
999.376
1027.04
988.671
992.145
1010.82
990.662
995.099
989.231
1006.79
1019.44
974.635
1027.52
1051.21
940.569
999.662
995.766
986.551
998.144
999.847
1022.97
975.262
1006.75
1001.12
1011.62
989.884
1010.1
1002.82
991.11
992.139
1021.34
985.25
993.346
994.877
1013.05
993.908
997.036
1021.24
992.969
1014.62
994.997
997.055
997.076
2846.25
7.395
226.889
1003.99
912.44
993.778
1008.1
1033.19
1018.9
977.297
964.7
997.113
1005.87
1000.8
1006.36
944.967
1079.94
951.058
1020.11
1061.37
957.619
2219.95
36.522
757.412
996.821
1011.26
975.001
1007.67
1009.38
1015.72
985.878
955.166
1012.63
1058.11
1019.13
921.122
977.947
1047.63
976.512
1062.72
987.921
936.296
1001.6
1003.75
992.337
1058.19
1024.04
929.428
996.65
1018.74
1007
1009.3
978.543
976.53
966.551
1041.44
1002.7
1004.01
1037.66
973.362
1000.04
1017.58
1008.64
988.495
965.211
1015.67
992.292
999.213
1033.52
991.962
973.86
1006.79
993.365
996.863
1030.5
988.984
969.597
1003.13
1021.94
985.001
1081.94
911.233
996.737
1001.4
992.466
993.905
1002.25
1036.33
989.086
984.617
1023.88
1013.33
958.682
962.987
1057.07
990.016
1007.09
980.978
1014.31
1018.83
975.768
1012.83
987.139
1013.6
977.482
1002.04
996.889
1037.06
3261.03
8.162
686.579
1024.43
995.247
1000.13
1003.18
1002.85
1007.17
1034.89
965.494
997.364
960.432
950.695
1146.05
921.049
998.727
997.882
1008.55
987.809
1000.97
1008.07
994.299
996.999
1001.28
1000.03
998.281
1001.66
1007.98
1009.94
988.822
991.576
1000.86
1002.07
972.167
1025.51
998.075
1025.96
1040.03
955.685
1021.08
974.41
1014.97
982.597
1023.22
1040.2
942.471
991.66
992.043
1037.53
985.638
1003.15
2215.62
9.157
739.353
1009.51
1000.51
1000.41
1012.68
982.494
997.058
996.806
1027.53
982.467
1002.75
1002.25
995.901
1011.22
1006.48
984.791
1005.7
1005.08
996.629
1027.12
982.619
1000.12
1010.84
998.619
1004.56
969.207
1020.73
980.198
1008.96
996.04
1013.8
993.638
991.647
993.887
1059
958.529
1002.19
988.828
1012.13
983.199
1012.61
1008.18
978.841
999.293
1039.25
1009.73
962.936
964.471
1026.68
970.81
1036.98
991.755
1010.79
979.825
1025.46
971.803
1001.82
998.388
1003.77
994.555
1014.26
1003.58
981.879
1007.81
994.388
997.521
1021.12
997.071
981.963
1007.11
1027.61
986.224
977.911
1004.21
1005.23
988.521
980.235
1008.71
1009.12
970.562
1030.62
1000.51
1020.47
981.861
1012.95
999.662
979.311
1009.99
1000.07
1007.18
1014.35
992.182
1052.61
943.422
1023.06
999.203
972.229
996.859
996.971
1006.65
998.249
1007.27
985.223
1003.17
1011.48
982.454
996.55
1018.95
994.381
1015.51
989.682
1013.64
979.753
1036.89
1008.03
998.685
978.276
1010.9
1009.95
949.039
1025.05
1003.89
1010.3
978.067
1011.34
1055.03
1053.69
907.298
1005.34
991.596
963.327
1058.94
942.181
1004.63
1037.07
974.101
991.022
992.677
1092.46
954.596
986.386
913.928
1154.74
925.075
999.56
1013.32
990.183
1001.35
1012.45
1039.08
967.001
969.604
1001.53
994.991
1005.15
995.62
1002.32
996.626
1000.83
992.773
1000.48
1000.96
1007.94
991.044
1016.03
991.62
1004.39
995.353
977.938
1020.27
990.687
999.028
1002.62
1008.12
990.131
1001.13
992.632
998.745
1016.18
984.084
999.79
1010.09
999.315
984.117
1037.94
957.643
1028.56
974.223
1053.42
979.78
995.792
990.832
1010.97
988.896
1023
992.019
1200.23
798.205
1035.12
969.649
995.126
994.939
1003.88
986.163
1023.25
983.712
1014
991.239
4271.04
14.126
710.78
1034.43
966.617
1058.67
975.72
987.261
1003
968.591
997.393
1023.86
984.906
1018.27
984.237
1030.65
1013.5
1963.84
6.909
964.844
1021.09
1027.87
997.533
964.292
1012.95
989.835
979.698
1057.77
1000.79
969.387
965.662
1012.49
996.802
1035.33
988.504
975.189
1001.75
1008.06
1006.94
1017.79
1000.49
964.954
1000.58
997.192
996.032
1032.13
944.915
1029.23
1005.98
989.766
974.791
1033.81
997.011
1005.12
996.136
996.897
999.955
1003.82
1014.3
988.981
991.966
998.668
1012.6
989.696
1001.13
998.518
1005.23
994.036
1004.29
993.598
1002.25
997.993
1001.91
1017.46
986.829
993.926
944.599
1429.89
670.399
972.065
993.304
990.423
1016.15
997.609
1002.05
995.609
1011.66
985.074
1012.73
991.758
1002.39
991.77
997.312
997.81
1022.91
998.978
994.95
967.683
1036.88
982.21
992.786
997.51
1018.59
986.988
1029.59
968.196
1023.12
992.231
996.431
1019.49
978.266
1018.93
1001.93
978.634
1012.27
1001.93
1018.26
1058.73
920.206
1004.79
1021.97
970.878
988.109
992.964
1038.56
987.539
1009.33
973.701
1013.92
1015.08
1000.71
979.276
987.118
1013.27
1068.72
941.965
1002.97
994.14
987.832
1013.24
989.84
1002.62
998.346
995.827
1043.01
990.37
955.845
1006.3
994.195
1007.51
1010.76
984.999
999.738
1000.1
1014.69
991.091
1009.85
996.408
1005.36
979.664
998.96
1011.39
997.79
992.903
1010
990.95
1001.16
996.812
994.248
1005.14
1001.73
997.871
1006.13
995.089
1014.67
989.247
1000.94
1008.14
1052.88
963.141
981.439
990.847
1032.57
990.884
996.007
1012.65
1021.69
955.681
1024.91
955.137
1022.89
1038.74
986.101
978.023
1003.1
1014.93
990.83
1036.12
1016.31
946.812
993.769
1001.31
994.17
1045.52
990.225
976.692
985.292
995.786
1011.03
1012.98
1016.04
972.982
1011.9
977.022
1018.71
1048.87
1006.25
953.166
1016.96
962.939
1006.63
996.283
999.265
995.668
1020.05
983.005
1006.19
1021.12
967.437
1015.03
984.209
1026.58
992.606
981.129
1009.39
995.155
1010.25
5356.26
9.011
40.528
584.401
957.709
1044.89
952.965
1053.4
993.298
1014.76
981.737
988.752
996.852
1001.94
996.128
1015.67
992.771
1004.14
990.963
1016.99
978.839
1004.96
988.991
1003.7
998.18
1017.27
987.891
999.518
993.482
1014.92
986.183
1000.95
1008.81
993.708
996.667
1016.99
968.771
1031.94
995.086
1006.58
1026.62
993.071
981.899
1036.51
960.041
944.002
1126.19
920.621
1032.2
996.613
976.517
1006.91
990.876
1000.06
1017.13
997.984
999.676
991.503
984.477
1013.87
908.133
1157.22
921.084
1000.27
998.488
1025.3
1028.97
960.252
986.1
1011.02
1004.6
1016.76
972.796
991.677
1002.2
1028.03
1023.01
967.003
981.27
1026.99
989.524
1021.14
975.992
987.527
1017.59
1018.07
976.075
1004.19
1003.35
1005.52
984.83
992.206
1009.06
1063.04
925.871
1021.84
993.681
1004.74
998.828
1016.73
3188.41
58.116
7.802
695.2
1027.31
989.43
1031.69
998.635
981.293
1010.79
978.038
1000.64
994.627
1003.89
1010.69
1003.38
984.564
999.394
1005.11
1007.79
995.419
992.564
999.706
1003.65
993.234
988.235
1119.64
909.593
983.857
998.015
1000.73
1007.27
1018.65
996.855
1033.12
960.215
984.257
997.585
1030.13
999.691
973.113
1011.39
1050.96
957.862
1051.88
978.205
984.758
1000.22
985.675
1010.03
1019.37
985.592
983.036
1016.02
991.055
995.272
980.483
1001.3
1000.1
1010.15
985.866
999.264
1002.36
1000.37
1006.83
1005.16
988.653
1034.83
984.604
996.66
989.371
996.286
996.848
1012.69
1022.4
984.83
985.758
1023.64
991.244
1028.34
976.357
997.432
1011.74
980.431
1031.58
1003.28
995.526
983.315
984.815
1010.9
987.914
1017.68
1005.32
999.549
990.672
987.979
3155.34
9.812
824.448
1004.51
993.015
996.507
1001.24
1000.65
996.029
1010.57
993.364
1006.66
1005.98
991.927
1012.86
991.018
990.895
996.61
1012.5
999.019
991.465
1000
1020.48
977.783
998.872
969.476
1034.22
998.44
1010.51
999.217
989.267
998.869
1026.46
1001.06
987.855
1013.85
1001.51
989.64
1012.72
995.068
993.601
996.265
1040.94
960.873
1004.85
1012.55
986.967
1008.45
1001.36
1034.57
980.424
981.803
1003.56
986.247
1006.19
999.924
1019.7
986.199
984.512
999.452
938.011
1152.01
926.772
1018.57
967.971
1005.73
1005.29
982.8
1024.88
1008.86
954.303
1050.59
960.291
1011.23
979.846
1000.82
1033.33
986.847
993.324
992.372
1026.34
977.048
998.787
993.55
1031.81
981.474
1012.63
988.724
997.87
1062
925.189
1028.57
1032.14
1036.14
1022.09
923.116
971.702
996.761
1044.14
994.127
967.349
1223.57
4032.7
9.579
688.563
1008.94
1020.19
1010.5
990.591
993.959
1026.56
1035.16
941.275
993.73
1005.82
998.081
999.115
1004.91
993.048
1008.92
1007.57
987.633
999.717
998.351
998.777
998.417
998.879
1014.22
991.812
994.112
1024.5
987.839
1000.14
997.191
992.728
998.217
1000.15
1006.61
993.94
1000.22
1021.94
998.096
981.013
999.333
1015.9
1033.4
981.424
1035.53
992.156
973.181
1031.73
990.114
975.542
974.271
1005.12
997.872
1030.04
964.091
1003.49
1000.33
1014.89
1047.04
966.811
1016.98
954.949
1744.52
243.644
1143.35
911.802
989.376
993.528
983.948
986.124
995.864
1017.19
984.88
1017.76
998.713
1011.49
1009.03
1000.89
959.029
996.041
1000.93
996.952
1027.31
1006.76
1001.94
985.143
1020.46
975.469
998.311
995.857
1031.99
971.792
992.313
1013.71
1020.91
971.457
996.585
1009.13
1016.96
973.93
994.969
1019.11
1132.76
2109.7
6.806
718.771
1009.83
1077.85
956.111
1011.19
977.002
1009.79
996.007
1001.35
990.524
1003.1
996.979
1004.01
1004.94
966.251
1025.63
1007.37
987.579
997.072
1011.07
1005.32
997.643
986.282
1010.25
994.871
1012.53
1006.09
983.302
985.995
1001
994.702
1001.83
1012.23
983.827
996.878
1000.07
1002.15
981.783
1091.12
1000.85
936.385
1029.89
980.155
1010.75
1012.02
985.121
940.856
1027.13
1012.76
1036.7
998.813
984.296
982.672
991.644
1014.02
997.909
1032.24
982.609
977.273
1007.77
996.105
989.338
1022.67
1031.77
990.443
984.719
972.739
997.045
1041.3
958.921
1015
1017.27
985.73
981.894
998.872
1027.99
1019.08
980.958
1008.79
1009.09
993.719
976.564
1009.58
1012.35
4249.31
9.941
720.832
1033.84
972.75
997.635
1005.51
994.763
998.116
1000.88
1005.09
990.976
1010.38
988.525
998.999
995.035
1004.27
993.696
1001.37
1023.45
975.107
999.231
1008.72
1000.89
993.093
999.202
1013.08
986.871
998.125
998.651
1004.03
1006.87
997.489
991.639
1009.27
992.967
999.031
999.578
999.312
1004.04
999.604
994.554
1001.93
1001.94
989.221
1011.55
989.981
1000.06
995.906
1002.32
1004.74
1004.89
1007.37
1134.43
873.582
982.8
1010.38
999.659
980.785
1019.87
994.604
1002.57
1035
997.879
965.82
999.601
1000.59
1003.14
1040.86
974.902
984.916
1000.4
998.841
995.796
1038.29
990.703
1974.02
6.487
966.703
1037.19
1000.74
988.171
996.915
1005.38
991.048
1004.16
1013.95
987.337
1004.56
996.496
996.231
1038.9
971.584
987.707
1054.58
908.852
1025.1
1013.06
1030.12
978.044
984.593
1006.15
1008.96
1004.04
976.104
1004.85
1028.98
982.973
984.373
993.453
1035.01
994.366
1010.79
964.071
1012.88
1018.11
1007.31
958.408
1008.09
1032.07
979.802
1035.2
996.311
969.489
992.544
1049.23
956.119
1029.93
1011.17
958.772
997.075
1001.14
996.02
1123.3
879.937
990.888
998.055
996.475
